Machine Learning Results:


Predictions: [-5.11949607e+01 -6.82073597e+01  4.92352014e+01 -8.57985506e+00
  5.82938352e+01  6.79807631e+00 -1.51369514e+01 -5.58906585e+01
  4.68852942e+01 -5.71182535e+01  4.47153202e+01 -9.98607653e+01
  7.79664154e+01  2.44083592e+01  6.20056584e+00 -8.80849108e+00
  1.80419857e+01 -1.19104676e+01  6.65456958e+01 -3.62087015e+01
  5.51815057e+01 -1.00135937e+01 -1.71036939e+01  8.77488083e+00
 -8.05195633e+01  3.32361483e+01  3.75179945e+01 -3.83406291e+01
  8.20568325e+01  1.17944332e+01  4.77564355e+01 -5.40559934e+00
 -2.12161209e+01  2.52153057e+01  1.91308673e+00  2.76908544e+01
 -1.02259657e+01 -3.27162474e+01 -3.60488343e+01  2.70039875e+01
  3.91277320e+01 -4.62675466e+01  6.91649584e+01 -6.44577560e+01
  7.78348476e+01  8.43694237e+01  3.10817746e+01 -5.47774382e+01
 -7.52972149e+01 -4.37081003e+01  7.68153411e+01  6.81717632e+01
 -8.56809492e+00 -2.62612042e+01  3.35342177e+01 -5.81774013e+01
  9.72000054e+01 -1.06561090e+01 -7.55262171e+01 -1.43855849e+01
 -9.53870271e+01 -9.29056790e+01  5.85313180e+01 -7.47738332e-01
 -2.28580382e+01 -6.18464403e+01  5.25829064e+01 -5.18540606e+01
 -2.10171467e+01 -2.83523355e+01  2.52394329e+01  2.62866123e+01
 -1.94624684e+01  5.86567661e+01  7.40354223e+01 -1.95086844e+00
 -4.63432875e+01  3.28086338e+01 -7.58867032e+01 -2.98495423e+01
 -6.31838980e+00 -3.41610153e+00  3.85969360e+01 -2.03010708e+01
  1.77200611e+01 -1.04259086e+02 -4.37779041e+00  6.03683090e+01
 -6.58417551e+01  3.78571386e+00 -3.86903695e+01  5.67029310e+01
 -9.42907958e+00 -6.49798143e+01  1.30725687e+02  1.14475652e+01
  2.44731223e+01  8.92958164e+01 -3.85523392e+01 -4.56871879e+01
  1.21895648e+01  3.45356624e+01 -2.40970399e+01  7.14804106e+01
 -3.03549920e+01 -7.76718090e+01  2.60722457e+01  8.45699260e+01
 -3.51767002e+01 -4.29224736e+00  9.70082020e+01  5.26073214e+01
 -1.78194581e+01 -4.42770629e+01  4.90673635e+00  6.61578452e+01
  5.17189250e+01  4.46073499e+00  1.91948455e+01 -2.14517435e+01
 -1.61098217e+01 -7.76799987e+01  4.70540796e+01 -3.38815943e+01
 -4.01737107e+01  1.07678061e-01 -4.53794956e+01  1.07012142e+02
 -1.46487841e+01 -7.45924194e+01 -7.06843717e+01 -4.49813399e+01
 -1.88032794e+01 -1.05729781e+01 -3.91845707e+01 -4.00596052e+01
 -1.88087714e+01 -3.71595339e+01  4.44161842e+01 -3.73005179e+01
 -9.65282049e+01  3.04948807e+01  6.26279335e+01 -2.28280673e+01
  3.01981725e+01 -6.13533299e+01 -2.34417136e+01 -8.57281047e+01
 -4.46055141e+01 -2.41103975e+01 -4.90356296e+00  4.76192795e+01
  3.55108441e+01  3.89438101e+01  8.51775949e+00  1.04637706e+01
  7.61222135e+01 -6.12648027e+00  8.23197409e+01  4.75625267e+00
  2.81580595e+01 -3.13190164e+00 -2.19416268e+01  3.77761798e+01
 -3.04416791e+01  4.68228094e+01  6.25753014e+01  4.09006521e+01
 -5.04500027e+01 -1.90817965e+00  6.71891592e+01  5.94415691e+00
 -6.58162908e+01 -4.97903075e+01  3.32752059e+01 -3.39061680e+01
  7.56219501e+01  5.36004795e+01 -1.24351565e+01  5.79186726e+01
 -1.05569126e+02  4.69686339e+01 -2.08878636e+01 -5.73235514e+01
 -7.94327738e+01 -3.81340843e+01 -2.70828119e+01  2.81622892e+01
 -1.30638986e+01 -3.32763578e+01 -7.65249922e+01 -1.07514726e+02
 -1.02930191e+02 -5.32982978e+01  6.42897221e+01  6.01911911e-01
  3.87294817e+00  2.37942283e+01 -4.15704285e+01  2.51573475e+01]

True Values: [ -54.69222859  -64.36117982   52.87950111  -16.11143347   62.67747517
   27.93387041  -26.43176067  -54.53042117   57.63460354 -131.44290282
   53.1947884  -137.10922849  123.72940878   15.83825026   17.94832403
   -6.85193817   26.62137507  -12.48750135   73.85340606  -34.92804727
   93.35859035   -5.1568641   -16.70949387    4.43146836 -106.58217386
   73.50343321   54.97073488  -23.83297443   95.81549715   51.12187973
   41.83507034    8.09643      -7.63199803   27.57761526  -56.53022679
   44.36703842   -6.6104423    -0.74997795  -58.81225069  -82.70388152
   19.55239685  -64.91798797   67.16171624  -43.83470465   84.10815236
  116.19835024   49.94563547  -46.38818102  -96.96783483  -51.58553829
  136.8652664    78.63575287    2.26153786  -48.64767678   31.43808076
  -90.96133772   81.34793799   -6.62185812  -98.54680182   -8.31197631
 -109.28266078  -91.82613177   72.72503772    9.39454134    7.54913838
  -27.49862354   73.51150914  -70.73548488  -22.75683043  -79.61769847
   33.0192593    27.48239675  -76.51459891   68.35570272  100.25049863
   87.78390849  -82.0738788   157.51490902  -90.04425655  -38.48655886
    1.43856132   14.41873235   45.53811205  -32.16748566    7.67679519
 -141.03440283   -8.47095906   67.36147106  -58.34214855    5.44307076
  -85.88450324   59.42154119  -20.73581773  -67.96318945  140.3584806
   30.44835651   22.12462355  137.1701353   -42.65866584    3.99039587
   13.53799731   42.04819958  -38.44546719   44.65509097  -37.89082603
  -84.35777754   49.03829972   86.34846124  -25.93781514    7.1057271
  101.32217227   56.90562667  -41.94936532  -47.74740179  -12.64999519
   56.19434144   10.05482112    4.03081745   16.38465     -35.34406234
   15.89395233  -89.69570094   47.08101679   70.25874894  -47.59681292
   16.86492943  -43.97321567  108.59672062  -12.9392642   -25.80766969
  -83.80477849  -66.0793765   -35.40729834    3.50861453  -33.98927711
    9.084034    -59.79249266   -5.40182482   35.19092707  -87.12921551
  -71.83729502   41.40981141   46.88295701  -30.7960433    72.08537426
  -73.89905769  -15.9314474   -79.77184351  -31.55623629   -2.09473976
  -21.38770055   43.95051561   47.10365049   28.77307191  -51.32475273
   19.92397112   69.92517957   -7.98079433   71.2420805    15.32152225
   32.13789414   -5.16569013  -32.18654437   62.52238673  -38.02032701
   49.84378349   72.91159317   41.63163536  -68.65474242   14.44185824
   71.459159      1.26163597  -78.20004138  -59.80165162   40.02738544
  -25.9441361    84.27166431   58.41723048  -29.95655692   71.58220908
 -139.97962092   35.05583074  -20.99689478    7.13426902  -95.97122971
  -69.29484069   15.26806291   50.46233701   -6.98775903  -25.63758893
  -78.89276905  -82.87244908 -104.19499345  -55.16702116   70.62021868
   -0.22693518   -5.1460442    36.64643397  -75.04056667   56.56789919]

