     Temperature  Humidity  WindSpeed  Rainfall   Holiday  BikeRentals
0       2.056544  0.606851   0.482688 -1.130888  0.420094    74.905613
1      -0.799192 -0.645964  -0.182896 -0.482744  1.374876   -41.649588
2       1.076007 -0.796026  -0.751969  0.021312 -0.319054   -24.182866
3      -0.103255 -0.828497   1.489863 -1.643189 -1.600904   -87.094505
4      -2.063403  0.503252  -0.645572 -0.317350 -1.661083   -86.122029
..           ...       ...        ...       ...       ...          ...
995     0.689708 -1.292263   1.749584 -0.502975  1.381454     3.508615
996     0.645216  0.521122  -0.054894  0.555604  0.285554    60.774918
997     0.499685  0.239405   1.487246  0.472002 -0.580053    51.047540
998    -0.641487  0.019148  -0.661982  0.487872  0.425887    -8.470959
999     0.915390 -0.833056  -1.776246 -0.549540 -0.080600   -57.187902

[1000 rows x 6 columns]
