Machine Learning Results:


Predictions: [-6.21838763e+01 -6.16894257e+01  1.68932523e+01 -1.22544400e+01
  5.77144845e+01  1.67178686e+01 -1.41953524e+01 -8.26705224e+00
  4.78719486e+01 -9.91187563e+01  4.59894785e+01 -7.29806938e+01
  8.06389304e+01  2.81625027e+01  2.08751655e+01 -2.73465338e-01
  1.48293064e+01 -4.84329898e+00  6.92951523e+01 -3.17281019e+01
  8.12438490e+01 -6.55178564e+00 -2.19000014e+01  1.18383169e+01
 -2.44539321e+01  5.47438715e+01  3.07357237e+01 -3.56016515e+01
 -9.26124024e+00  3.29093958e+01  4.03261972e+01  6.36230268e+00
 -2.47920187e+01  3.35442977e+01 -2.85135377e+01  4.74500839e+01
 -1.39548252e+01  1.07467797e-01 -4.38086116e+01 -5.68951267e+01
  8.52464338e+00 -5.37576665e+01  4.85302338e+01 -1.16619123e+01
  8.16570910e+01  1.16252303e+02  1.96969526e+01 -6.79128302e+01
 -8.26840951e+01 -3.74964528e+01  7.68852019e+01  7.31478414e+01
 -5.10194733e+00 -5.41058827e+01  4.76970510e+01 -7.25010310e+01
  1.11215432e+02 -1.63493936e+01 -6.09900808e+01 -3.00186045e+01
 -9.00950302e+01 -1.04662969e+02  7.33473985e+01 -8.03062913e+00
  6.45398526e-01 -3.59476575e+01  6.32098312e+01 -7.80777802e+01
 -2.69454679e+01 -6.72019841e+01  2.10995529e+01  2.66503397e+01
 -6.99936549e+01  5.44196958e+01  7.67560316e+01  9.03840181e+01
 -6.06015479e+01  1.23611462e+02 -7.74882991e+01 -4.05222606e+01
 -1.20946477e+01 -1.22519720e+01  3.64997394e+01 -4.16990903e+01
  1.24266876e+01 -1.67192692e+01 -2.31269259e+01  5.64472991e+01
 -7.61692393e+01  1.66733240e+00 -1.03252659e+01  4.79109822e+01
 -2.26768511e+01 -6.35806454e+01  1.25219772e+02  1.57120533e+01
  1.54501887e+01  8.19225600e+01 -5.19517415e+01  2.96333121e+00
 -1.95698615e+01  4.62771111e+01 -3.18194562e+01  4.23079894e+01
 -2.06199106e+01 -7.14944812e+01  7.22965241e+01  9.43247992e+01
 -5.01732626e+01 -1.28195252e+01  9.00266026e+01  6.15311426e+01
 -5.59106450e+01 -4.47282309e+01 -2.38173381e+01  7.41563281e+01
  4.16670852e+01 -4.01978748e+01  9.92660326e+00 -2.23614668e+01
  3.43769383e+01 -8.93169911e+01  2.94095663e+01  5.91607502e+01
 -4.57928641e+01  2.88613944e+00 -1.68723564e+01  7.22893854e+00
 -3.30977377e+01 -1.53619026e+01 -8.28337053e+01 -3.45197964e+01
 -3.32787881e+00 -1.81378529e+01 -4.55210956e+01  1.14682925e+01
 -6.70855833e+01 -3.48339761e+01  4.84157167e+01 -7.09680052e+01
 -8.77124196e+01  2.53028268e+01  6.03079130e+01 -2.08619771e+01
  1.47458408e+01 -6.60043032e+01 -2.24919974e+01 -5.45681427e+01
 -3.79968669e+01 -2.73554182e+01  5.20225513e+00  4.63796935e+01
  5.07472063e+01  2.97743423e+01 -4.92582604e+01  1.07967103e+01
  5.02503543e+01 -2.41484388e+01  7.81563828e+01  6.69401273e+00
  2.28233430e+01 -1.18242353e+01 -3.15965456e+01  4.22297473e+01
 -4.66562369e+01  4.29308830e+01  6.89070582e+01  1.81339395e+01
 -4.51435508e+01 -5.65395938e+00  2.55572554e+01  6.59948374e+00
 -7.59040413e+01 -4.22370879e+01  3.81317834e+01 -3.36940957e+01
  8.13913848e+01  4.83314301e+01 -2.63324201e+00  5.68467592e+01
 -1.09177841e+02  4.05596638e+01 -1.56483791e+01  1.18573405e+01
 -5.75372294e+01 -6.50451681e+01  2.79267860e+01  1.95076425e+01
 -8.14800737e+00 -2.33136189e+01 -6.66763503e+01 -6.72107125e+01
 -1.03351922e+02 -5.50440024e+01  6.11867393e+01 -1.05202061e+01
 -1.96424841e-01  2.41886866e+01 -8.87025113e+01  4.92195257e+01]

True Values: [ -54.69222859  -64.36117982   52.87950111  -16.11143347   62.67747517
   27.93387041  -26.43176067  -54.53042117   57.63460354 -131.44290282
   53.1947884  -137.10922849  123.72940878   15.83825026   17.94832403
   -6.85193817   26.62137507  -12.48750135   73.85340606  -34.92804727
   93.35859035   -5.1568641   -16.70949387    4.43146836 -106.58217386
   73.50343321   54.97073488  -23.83297443   95.81549715   51.12187973
   41.83507034    8.09643      -7.63199803   27.57761526  -56.53022679
   44.36703842   -6.6104423    -0.74997795  -58.81225069  -82.70388152
   19.55239685  -64.91798797   67.16171624  -43.83470465   84.10815236
  116.19835024   49.94563547  -46.38818102  -96.96783483  -51.58553829
  136.8652664    78.63575287    2.26153786  -48.64767678   31.43808076
  -90.96133772   81.34793799   -6.62185812  -98.54680182   -8.31197631
 -109.28266078  -91.82613177   72.72503772    9.39454134    7.54913838
  -27.49862354   73.51150914  -70.73548488  -22.75683043  -79.61769847
   33.0192593    27.48239675  -76.51459891   68.35570272  100.25049863
   87.78390849  -82.0738788   157.51490902  -90.04425655  -38.48655886
    1.43856132   14.41873235   45.53811205  -32.16748566    7.67679519
 -141.03440283   -8.47095906   67.36147106  -58.34214855    5.44307076
  -85.88450324   59.42154119  -20.73581773  -67.96318945  140.3584806
   30.44835651   22.12462355  137.1701353   -42.65866584    3.99039587
   13.53799731   42.04819958  -38.44546719   44.65509097  -37.89082603
  -84.35777754   49.03829972   86.34846124  -25.93781514    7.1057271
  101.32217227   56.90562667  -41.94936532  -47.74740179  -12.64999519
   56.19434144   10.05482112    4.03081745   16.38465     -35.34406234
   15.89395233  -89.69570094   47.08101679   70.25874894  -47.59681292
   16.86492943  -43.97321567  108.59672062  -12.9392642   -25.80766969
  -83.80477849  -66.0793765   -35.40729834    3.50861453  -33.98927711
    9.084034    -59.79249266   -5.40182482   35.19092707  -87.12921551
  -71.83729502   41.40981141   46.88295701  -30.7960433    72.08537426
  -73.89905769  -15.9314474   -79.77184351  -31.55623629   -2.09473976
  -21.38770055   43.95051561   47.10365049   28.77307191  -51.32475273
   19.92397112   69.92517957   -7.98079433   71.2420805    15.32152225
   32.13789414   -5.16569013  -32.18654437   62.52238673  -38.02032701
   49.84378349   72.91159317   41.63163536  -68.65474242   14.44185824
   71.459159      1.26163597  -78.20004138  -59.80165162   40.02738544
  -25.9441361    84.27166431   58.41723048  -29.95655692   71.58220908
 -139.97962092   35.05583074  -20.99689478    7.13426902  -95.97122971
  -69.29484069   15.26806291   50.46233701   -6.98775903  -25.63758893
  -78.89276905  -82.87244908 -104.19499345  -55.16702116   70.62021868
   -0.22693518   -5.1460442    36.64643397  -75.04056667   56.56789919]

